init_engine_0: 1481
init_engine_1: 1478
init_engine_2: 1573
len_calibration_0: -0.006000705661221355
len_calibration_1: -0.00700897507581439
len_calibration_2: 0.004469144849546805
